﻿id_id,id_n_id,id_time,id_meter_id,id_stand_energy_kirim,KwH,KwH per Hari,id_stand_energy_terima,id_v1,id_v2,id_v3,id_i1,id_i2,id_i3,id_frequency,id_power_factor,id_create_date,updated_at,created_at,reactive_energy_import,reactive_energy_export,apparent_energy_import,apparent_energy_export,rssi,lokasi,resample_date,data_points_count
604993,22,1/1/2024,251400177,893212659.3,89321.26593,,0,227.0769231,227.6923077,229.3846154,4,0,3.989010989,50.00054945,0.868587912,1/1/2024 23:50,1/1/2024 23:50,1/1/2024 23:50,505000813.6,3303495.835,1029384955,0,-109.4615385,94,1/1/2024,1
608777,22,1/2/2024,251400177,899065752.8,89906.57528,585.3093468,0,225.2696629,226.3033708,227.9775281,88.79775281,90.37078652,92.97752809,49.99674157,0.868295506,1/2/2024 23:50,1/2/2024 23:50,1/2/2024 23:50,508449478.6,3351870.989,1036217033,0,-109.9775281,94,1/2/2024,1
612420,22,1/3/2024,251400177,912983152.4,91298.31524,1391.739957,0,226.3714286,227.5619048,229.0095238,92.94285714,95.36190476,98.67619048,50.01733333,0.858262857,1/3/2024 23:50,1/3/2024 23:50,1/3/2024 23:50,516668314.6,3391570.743,1052419222,0,-109.8666667,94,1/3/2024,1
615939,22,1/4/2024,251400177,924992324.1,92499.23241,1200.917169,0,225.462963,226.6759259,227.8333333,74.5,75.09259259,77.65740741,49.99814815,0.847394444,1/4/2024 23:40,1/4/2024 23:40,1/4/2024 23:40,523804582.6,3430120.63,1066426537,0,-109.1481481,94,1/4/2024,1
619400,22,1/5/2024,251400177,937384601.8,93738.46018,1239.22777,0,225.8495575,226.840708,228.2035398,90.88495575,92.09734513,95.3539823,50.00876106,0.85409646,1/5/2024 23:30,1/5/2024 23:30,1/5/2024 23:30,531080499.3,3468807.274,1080835205,0,-110.3628319,94,1/5/2024,1
623038,22,1/6/2024,251400177,943935653.5,94393.56535,655.1051695,0,228.2871287,228.7920792,230.4455446,4,0,4,50.02237624,0.867556436,1/6/2024 23:50,1/6/2024 23:50,1/6/2024 23:50,534743000.3,3516447.208,1088373168,0,-112.1188119,94,1/6/2024,1
626666,22,1/7/2024,251400177,944280927.8,94428.09278,34.52743697,0,227.9793814,228.3917526,230.1443299,4,0,4,50.00659794,0.867501031,1/7/2024 23:50,1/7/2024 23:50,1/7/2024 23:50,534868850.2,3573219.845,1088771079,0,-109.9072165,94,1/7/2024,1
630420,22,1/8/2024,251400177,952441571.4,95244.15714,816.0643594,0,224.5892857,225.7142857,227.1696429,115.7053571,119.6339286,122.1339286,50.01366071,0.871934821,1/8/2024 23:50,1/8/2024 23:50,1/8/2024 23:50,539403345.4,3623451.616,1098142976,0,-108.5,94,1/8/2024,1
634337,22,1/9/2024,251400177,965468330.1,96546.83301,1302.675867,0,225.4271845,226.4660194,227.961165,81.38834951,82.18446602,85.27184466,50.00466019,0.868991262,1/9/2024 23:50,1/9/2024 23:50,1/9/2024 23:50,546783861.5,3661659.301,1113149828,0,-111.6990291,94,1/9/2024,1
638026,22,1/10/2024,251400177,979339391.7,97933.93917,1387.106157,0,226.1416667,227.1166667,228.725,94.23333333,96.69166667,99.625,50.0195,0.8610975,1/10/2024 23:50,1/10/2024 23:50,1/10/2024 23:50,554755338.6,3702420.792,1129186072,0,-112.8833333,94,1/10/2024,1
642486,22,1/11/2024,251400177,990387623.2,99038.76232,1104.823157,0,225.8767606,226.8802817,228.528169,88.43661972,89.8415493,92.86971831,50.01507042,0.853047535,1/11/2024 23:50,1/11/2024 23:50,1/11/2024 23:50,561191537.6,3740004.63,1142007897,0,-114.5352113,94,1/11/2024,1
651523,22,1/12/2024,251400177,1002400991,100240.0991,1201.336783,0,225.9553571,226.8571429,228.375,77.35714286,78.38392857,81.6875,50.00330357,0.863538393,1/12/2024 23:50,1/12/2024 23:50,1/12/2024 23:50,568214743.6,3782589.616,1155964091,0,-114.5089286,94,1/12/2024,1
659355,22,1/13/2024,251400177,1007729417,100772.9417,532.8426404,0,227.6504854,228.1262136,229.776699,4,0,4,50.00378641,0.867819417,1/13/2024 23:30,1/13/2024 23:30,1/13/2024 23:30,571201480.2,3833283.136,1162106577,0,-114.9126214,94,1/13/2024,1
666981,22,1/14/2024,251400177,1008085304,100808.5304,35.58868721,0,227.0695652,227.573913,229.3304348,4,0,4,50.00434783,0.868114783,1/14/2024 23:40,1/14/2024 23:40,1/14/2024 23:40,571331151.3,3891854.113,1162516893,0,-114.7826087,94,1/14/2024,1
674667,22,1/15/2024,251400177,1014301636,101430.1636,621.6332016,0,225.5363636,226.6636364,228.3272727,81.87272727,83.30909091,86.30909091,50.01981818,0.867528182,1/15/2024 23:50,1/15/2024 23:50,1/15/2024 23:50,575030768,3941056.564,1169791360,0,-115.6363636,94,1/15/2024,1
682079,22,1/16/2024,251400177,1027479029,102747.9029,1317.739276,0,225.368932,226.3592233,227.8058252,110.7087379,114.1262136,116.961165,50.02223301,0.873779612,1/16/2024 23:50,1/16/2024 23:50,1/16/2024 23:50,582618204.4,3978567.942,1185036325,0,-112.7961165,94,1/16/2024,1
689639,22,1/17/2024,251400177,1038666023,103866.6023,1118.69936,0,225.3977273,226.4204545,227.8068182,87.96590909,89.35227273,92.14204545,50.01181818,0.870332386,1/17/2024 23:40,1/17/2024 23:40,1/17/2024 23:40,588932804.7,4013885.608,1197914829,0,-114.0852273,94,1/17/2024,1
700016,22,1/18/2024,251400177,1053826937,105382.6937,1516.091389,0,227.9542254,228.471831,230.193662,32.12676056,30.07042254,33.77464789,50.0134507,0.850489085,1/18/2024 22:30,1/18/2024 22:30,1/18/2024 22:30,597657000.7,4053697.803,1215446615,0,-113.0739437,94,1/18/2024,1
716603,22,1/19/2024,251400177,1065940127,106594.0127,1211.318996,0,225.7594937,226.5189873,227.9113924,73.59493671,73.78481013,76.94936709,50.00303797,0.827082278,1/19/2024 23:50,1/19/2024 23:50,1/19/2024 23:50,604740315.2,4101296.038,1229520114,0,-113.0886076,94,1/19/2024,1
727387,22,1/20/2024,251400177,1068352626,106835.2626,241.249968,0,227.1616162,227.6565657,229.1717172,4,0,3.949494949,49.9979798,0.868160606,1/20/2024 23:40,1/20/2024 23:40,1/20/2024 23:40,606153990.5,4145347.687,1232346237,0,-111.5555556,94,1/20/2024,1
741883,22,1/21/2024,251400177,1068693694,106869.3694,34.10674311,0,227.8738739,228.4504505,230.018018,4,0,4,50.00837838,0.868012613,1/21/2024 23:50,1/21/2024 23:50,1/21/2024 23:50,606278063.9,4201366.595,1232738834,0,-111.4774775,94,1/21/2024,1
755547,22,1/22/2024,251400177,1073696299,107369.6299,500.2605008,0,228.2337662,228.7077922,230.4415584,20.31168831,17.49350649,21.25974026,50.01707792,0.869844805,1/22/2024 23:50,1/22/2024 23:50,1/22/2024 23:50,609009790.8,4244924.604,1238467277,0,-111.5714286,94,1/22/2024,1
763530,22,1/23/2024,251400177,1093439016,109343.9016,1974.271769,0,225.5136612,226.6994536,228.1748634,100.715847,102.726776,105.6229508,50.01650273,0.862407104,1/23/2024 23:50,1/23/2024 23:50,1/23/2024 23:50,620250769.8,4289326.907,1261235075,0,-112.442623,94,1/23/2024,1
769312,22,1/24/2024,251400177,1107205732,110720.5732,1376.671557,0,224.9113402,226.0350515,227.4701031,116.2783505,120.257732,122.3608247,50.01018557,0.857641237,1/24/2024 23:50,1/24/2024 23:50,1/24/2024 23:50,628114867.9,4327839.555,1277127501,0,-112.0659794,94,1/24/2024,1
786241,22,1/25/2024,251400177,1118889623,111888.9623,1168.389068,0,225.7358491,226.6792453,228.2641509,82.25471698,83.29245283,85.83962264,50.01141509,0.868361321,1/25/2024 22:20,1/25/2024 22:20,1/25/2024 22:20,634860798.6,4364357.708,1290655166,0,-112.6226415,94,1/25/2024,1
814050,22,1/26/2024,251400177,1140976000,114097.6,2208.637736,0,227.275,228.2,229.9,75.525,76.425,79.6,50.0055,0.8384725,1/26/2024 23:50,1/26/2024 23:50,1/26/2024 23:50,647492604.4,4412577.725,1316149127,0,-111.25,94,1/26/2024,1
815547,22,1/27/2024,251400177,1141657738,114165.7738,68.17380952,0,228.1071429,228.5,230.2738095,4,0,3.988095238,50.0022619,0.867745238,1/27/2024 23:40,1/27/2024 23:40,1/27/2024 23:40,647830929.8,4450968.274,1316933066,0,-109.5595238,94,1/27/2024,1
819159,22,1/28/2024,251400177,1142026628,114202.6628,36.88898117,0,227.6627907,227.9883721,229.9302326,4,0,4,50.01104651,0.868011628,1/28/2024 23:50,1/28/2024 23:50,1/28/2024 23:50,647965454.6,4511726.349,1317358962,0,-110.8372093,94,1/28/2024,1
822967,22,1/29/2024,251400177,1146957791,114695.7791,493.1162791,0,226.1395349,227.0581395,228.6976744,79.48837209,80.94186047,84.3372093,50.00744186,0.857672093,1/29/2024 23:20,1/29/2024 23:20,1/29/2024 23:20,650768968.5,4559345.651,1323064397,0,-110.0348837,94,1/29/2024,1
826683,22,1/30/2024,251400177,1159109195,115910.9195,1215.14047,0,225.9885057,226.8735632,228.5057471,81.77011494,83.47126437,86.47126437,50.00896552,0.865824138,1/30/2024 23:40,1/30/2024 23:40,1/30/2024 23:40,657700208.1,4603184.667,1337089837,0,-112.137931,94,1/30/2024,1
830519,22,1/31/2024,251400177,1170870864,117087.0864,1176.16688,0,226.3580247,227.1358025,228.8271605,74.22222222,75.04938272,77.97530864,50.00888889,0.856501235,1/31/2024 23:50,1/31/2024 23:50,1/31/2024 23:50,664559639.3,4643128.037,1350746270,0,-114.2098765,94,1/31/2024,1
834413,22,2/1/2024,251400177,1184049059,118404.9059,1317.819463,0,225.4705882,226.3882353,228.0705882,102.2705882,105.3176471,108.4941176,50.00023529,0.863901176,2/1/2024 23:50,2/1/2024 23:50,2/1/2024 23:50,672315935.6,4685219.047,1366084807,0,-113.6705882,94,2/1/2024,1
838438,22,2/2/2024,251400177,1196427632,119642.7632,1237.857276,0,226.8289474,227.5657895,229.2894737,72.76315789,73.07894737,76.35526316,50.01473684,0.853905263,2/2/2024 23:50,2/2/2024 23:50,2/2/2024 23:50,679439950.4,4724055.487,1380403776,0,-111.2368421,94,2/2/2024,1
842361,22,2/3/2024,251400177,1201913425,120191.3425,548.5793079,0,228.9589041,229.3424658,231.1369863,4,0,4,50.01424658,0.867275342,2/3/2024 23:40,2/3/2024 23:40,2/3/2024 23:40,682629471.4,4772967.726,1386788246,0,-111.5616438,94,2/3/2024,1
846227,22,2/4/2024,251400177,1202252405,120225.2405,33.89804058,0,227.7974684,228.1772152,230.0632911,4,0,3.987341772,50.00405063,0.867943038,2/4/2024 23:50,2/4/2024 23:50,2/4/2024 23:50,682753421.1,4828207.899,1387179056,0,-111.4936709,94,2/4/2024,1
850041,22,2/5/2024,251400177,1207770435,120777.0435,551.8029719,0,228.173913,228.7246377,230.5942029,9.884057971,6.275362319,10.20289855,50.00521739,0.868023188,2/5/2024 23:40,2/5/2024 23:40,2/5/2024 23:40,686100225.6,4881385.275,1393675747,0,-110.2173913,94,2/5/2024,1
854443,22,2/6/2024,251400177,1216187551,121618.7551,841.7116238,0,226.4897959,227.1428571,229,69.08163265,69.36734694,73.06122449,50.015,0.845589796,2/6/2024 23:40,2/6/2024 23:40,2/6/2024 23:40,691102936.6,4914994.612,1403502035,0,-112.0714286,94,2/6/2024,1
859737,22,2/7/2024,251400177,1228737000,122873.7,1254.944898,0,225.7857143,226.7857143,228.4285714,85.5,85.17142857,87.92857143,50.01771429,0.866575714,2/7/2024 22:30,2/7/2024 22:30,2/7/2024 22:30,698349604.3,4955170.1,1418030926,0,-114.7142857,94,2/7/2024,1
863440,22,2/8/2024,251400177,1236320128,123632.0128,758.3128205,0,227.9615385,228.3974359,230.1153846,4,0,4,50.02923077,0.867414103,2/8/2024 23:40,2/8/2024 23:40,2/8/2024 23:40,702801907.2,5005300.923,1426866605,0,-112.0512821,94,2/8/2024,1
867456,22,2/9/2024,251400177,1236607407,123660.7407,28.72792023,0,228.1481481,228.5185185,230.3148148,4,0,4,50.00907407,0.867238889,2/9/2024 18:10,2/9/2024 18:10,2/9/2024 18:10,702906298.5,5052454.037,1427196629,0,-116.6666667,94,2/9/2024,1
871726,22,2/10/2024,251400177,1237040317,123704.0317,43.29100529,0,227.9047619,228.2857143,230.1746032,4,0,3.984126984,50.01825397,0.867453968,2/10/2024 23:50,2/10/2024 23:50,2/10/2024 23:50,703063991,5124180.159,1427695976,0,-111.9365079,94,2/10/2024,1
875167,22,2/11/2024,251400177,1237258788,123725.8788,21.84704185,0,229.1818182,229.3939394,231.3636364,4,0,4,50.00424242,0.867542424,2/11/2024 10:30,2/11/2024 10:30,2/11/2024 10:30,703144041.4,5160187.667,1427948753,0,-110.3636364,94,2/11/2024,1
877950,22,2/12/2024,251400177,1244394167,124439.4167,713.5378788,0,225.9375,227.0208333,228.75,101.6875,101.8958333,106.5625,50.01395833,0.84771875,2/12/2024 23:50,2/12/2024 23:50,2/12/2024 23:50,706955995.6,5232621.646,1436085041,0,-112.0416667,94,2/12/2024,1
880296,22,2/13/2024,251400177,1250169455,125016.9455,577.5287879,0,226.4181818,227.3454545,229.0363636,44.89090909,43.90909091,47.50909091,50.01745455,0.865492727,2/13/2024 23:40,2/13/2024 23:40,2/13/2024 23:40,710323165.1,5265655.436,1442799627,0,-112.1818182,94,2/13/2024,1
884337,22,2/14/2024,251400177,1257494831,125749.4831,732.5376915,0,227.4831461,228.0561798,229.5842697,4,0,3.988764045,50.0047191,0.868567416,2/14/2024 23:30,2/14/2024 23:30,2/14/2024 23:30,714745529.4,5315117.169,1451401962,0,-110.8089888,94,2/14/2024,1
888617,22,2/15/2024,251400177,1265046429,126504.6429,755.1597111,0,225.2380952,226.452381,228.1190476,109.3571429,112.9761905,116.7380952,50.01857143,0.872210714,2/15/2024 23:40,2/15/2024 23:40,2/15/2024 23:40,718968876.1,5362681.524,1460090034,0,-111.297619,94,2/15/2024,1
892730,22,2/16/2024,251400177,1274646275,127464.6275,959.9845938,0,226.1764706,227.2352941,228.7647059,72.60784314,72.94117647,76.8627451,50.02137255,0.851866667,2/16/2024 16:50,2/16/2024 16:50,2/16/2024 16:50,724366433.3,5396525,1471131012,0,-110.9411765,94,2/16/2024,1
